@<TRIPOS>MOLECULE
title
 14 13 0 0 0
SMALL
GASTEIGER

@<TRIPOS>ATOM
      1 C          -2.4927    0.3710    0.0034 C.3     1  UNL1       -0.0653
      2 H          -2.1302   -0.6617   -0.0003 H       1  UNL1        0.0230
      3 H          -2.1373    0.8590   -0.9099 H       1  UNL1        0.0230
      4 H          -3.5868    0.3471   -0.0229 H       1  UNL1        0.0230
      5 C          -1.9930    1.1000    1.2405 C.3     1  UNL1       -0.0562
      6 H          -0.8970    1.0776    1.2530 H       1  UNL1        0.0263
      7 H          -2.3383    0.5686    2.1350 H       1  UNL1        0.0263
      8 C          -2.4830    2.5462    1.2743 C.3     1  UNL1       -0.0562
      9 H          -2.1377    3.0776    0.3798 H       1  UNL1        0.0263
     10 H          -3.5790    2.5686    1.2618 H       1  UNL1        0.0263
     11 C          -1.9833    3.2751    2.5115 C.3     1  UNL1       -0.0653
     12 H          -0.8892    3.2990    2.5377 H       1  UNL1        0.0230
     13 H          -2.3458    4.3079    2.5151 H       1  UNL1        0.0230
     14 H          -2.3386    2.7872    3.4247 H       1  UNL1        0.0230
@<TRIPOS>BOND
     1     3     1    1
     2     4     1    1
     3     2     1    1
     4     1     5    1
     5     9     8    1
     6     5     6    1
     7     5     8    1
     8     5     7    1
     9    10     8    1
    10     8    11    1
    11    11    13    1
    12    11    12    1
    13    11    14    1
