
Bonds

Angles
CA NA CA 96.175 109.303
CA NA HA 41.631 125.348
CA CA NA 83.329 108.364
CA CA CA 74.593 118.704
CA CA HA 41.529 119.435
HA CA NA 44.067 122.778

Torsions
NA CA CA CA 0 180 0 0 0.00 1570.94 0.00 0. 4.0
CA NA CA CA 0 180 0 0 0.00 703.80 0.00 0. 4.0
NA CA CA HA 0 180 0 0 0.00 112.39 0.00 0. 4.0
HA CA CA NA 0 180 0 0 0.00 636.44 0.00 0. 4.0
HA CA NA CA 0 180 0 0 0.00 893.88 0.00 0. 4.0
CA CA NA CA 0 180 0 0 0.00 226.89 0.00 0. 4.0
HA CA NA HA 0 180 0 0 0.00 54.27 0.00 0. 4.0
CA CA CA CA 0 180 0 0 0.00 4157.12 0.00 0. 4.0
HA NA CA CA 0 180 0 0 0.00 303.62 0.00 0. 4.0
CA CA CA HA 0 180 0 0 0.00 5527.44 0.00 0. 4.0
CA CA CA NA 0 180 0 0 0.00 612.46 0.00 0. 4.0
CA CA NA HA 0 180 0 0 0.00 1548.16 0.00 0. 4.0
HA CA CA CA 0 180 0 0 0.00 7890.61 0.00 0. 4.0
HA CA CA HA 0 180 0 0 0.00 1018.86 0.00 0. 4.0
