    9
1,2                                                                                                 
1,3                                                                                                 
1,9                                                                                                 
2,10                                                                                                
3,4                                                                                                 
3,5                                                                                                 
3,6                                                                                                 
6,7                                                                                                 
6,8                                                                                                 
   13
2,1,3                                                                                               
2,1,9                                                                                               
3,1,9                                                                                               
1,2,10                                                                                              
1,3,4                                                                                               
1,3,5                                                                                               
1,3,6                                                                                               
4,3,5                                                                                               
4,3,6                                                                                               
5,3,6                                                                                               
3,6,7                                                                                               
3,6,8                                                                                               
7,6,8                                                                                               
   14
3,1,2,10                                                                                            
9,1,2,10                                                                                            
2,1,3,4                                                                                             
2,1,3,5                                                                                             
2,1,3,6                                                                                             
9,1,3,4                                                                                             
9,1,3,5                                                                                             
9,1,3,6                                                                                             
1,3,6,7                                                                                             
1,3,6,8                                                                                             
4,3,6,7                                                                                             
4,3,6,8                                                                                             
5,3,6,7                                                                                             
5,3,6,8                                                                                             
