13
 1 2
 1 3
 1 4
 1 5
 5 6
 5 7
 5 8
 8 9
 8 10
 8 11
 11 12
 11 13
 11 14
24
 2 1 3
 2 1 4
 2 1 5
 3 1 4
 3 1 5
 4 1 5
 1 5 6
 1 5 7
 1 5 8
 6 5 7
 6 5 8
 7 5 8
 5 8 9
 5 8 10
 5 8 11
 9 8 10
 9 8 11
 10 8 11
 8 11 12
 8 11 13
 8 11 14
 12 11 13
 12 11 14
 13 11 14
27
 2 1 5 6
 2 1 5 7
 2 1 5 8
 3 1 5 6
 3 1 5 7
 3 1 5 8
 4 1 5 6
 4 1 5 7
 4 1 5 8
 1 5 8 9
 1 5 8 10
 1 5 8 11
 6 5 8 9
 6 5 8 10
 6 5 8 11
 7 5 8 9
 7 5 8 10
 7 5 8 11
 5 8 11 12
 5 8 11 13
 5 8 11 14
 9 8 11 12
 9 8 11 13
 9 8 11 14
 10 8 11 12
 10 8 11 13
 10 8 11 14
