13 24 27
[374.52449962 371.65537482 371.65532664 312.45088992 362.78986817
 362.78980318 307.26281595 362.78986705 362.78980318 312.45088768
 371.65537594 374.52449402 371.65532104  44.16179781  44.161813
  43.72545004  44.10983167  44.50326291  44.50327206  55.65416472
  55.6541884   62.61632358  43.68019858  55.98409334  55.98407925
  55.98417147  55.98411018  62.61632993  43.68016669  55.6542795
  55.65417519  44.50326164  43.72544071  44.5032525   44.16181119
  44.1098663   44.1618031   46.04474322  46.04474623  46.91383088
  48.09276388  45.41627828  46.15389858  45.41627343  48.09276522
  46.15389723  48.09029344  48.09031895  49.35488871  50.02307686
  46.57609052  48.09028324  46.57606128  50.0230956   48.09027727
  46.15386461  46.91380573  46.15386513  48.09274915  46.04473784
  45.41626078  45.41627065  46.04474772  48.09275982]

0 374.52449962376016
1 371.65537481645003
2 371.6553266375943
3 312.4508899198233
4 362.7898681694968
5 362.78980318406354
6 307.262815947048
7 362.78986704905833
8 362.78980318406354
9 312.4508876789463
10 371.65537593688856
11 374.5244940215676
12 371.6553210354018

0 44.16179780595256
1 44.161812999302306
2 43.72545003553961
3 44.10983166649599
4 44.50326291324677
5 44.50327205709425
6 55.65416472452866
7 55.65418840481068
8 62.61632357647885
9 43.680198578407136
10 55.984093343521046
11 55.984079248786145
12 55.984171470094104
13 55.984110183754915
14 62.616329930933155
15 43.68016669224313
16 55.65427950050612
17 55.654175186127965
18 44.50326164315403
19 43.725440707613245
20 44.50325249931084
21 44.16181119032039
22 44.10986630074034
23 44.16180310339855
