
  1.19757815E-05 -1.72995065E-15  6.80315470E-01  2.54335610E-16 -2.77555756E-15
  4.50077243E-01 -5.98789026E-06  3.50755519E-14  1.15913319E-15  6.13230059E-06
  2.90135401E-16 -3.40157735E-01  2.01154139E-01 -1.65071998E-14  3.71072175E-01
 -7.82889432E-16  2.61475706E-01 -2.25038621E-01  1.71519037E-14 -2.31314922E-01
  2.13021059E-01 -5.98789024E-06  3.59024697E-14  6.40250418E-16 -1.44410605E-07
 -1.78407423E-14  1.77175680E-14  6.13230058E-06 -6.89119395E-17 -3.40157735E-01
 -2.01154139E-01 -1.78163639E-14 -3.09144397E-02 -3.01607832E-02 -1.73049885E-14
  3.71072175E-01 -7.22330121E-16 -2.61475706E-01 -2.25038621E-01 -1.76916812E-14
  3.01607832E-02  1.20175628E-02 -1.77262902E-14  2.31314922E-01  2.13021059E-01
