 I-thJ-thOld EIGNew EIG
           1           1 -0.94238268023487326      -0.94238268023486849     
           1           2   3.1736265139177918E-008   3.5421440777452305E-008
           1           3   9.1603688938649542E-010   7.3882544908973552E-009
           1           4  -3.9855756212751156E-009  -3.9855764396008805E-009
           1           5  -7.8441377830459687E-009  -7.8501690780166960E-009
           1           6  0.33453682008612318       0.33453682008613611     
           1           7   1.7150073608445656E-015   1.7204487281030217E-015
           1           8  -3.6041227746495876E-016  -5.3538894113696294E-016
           1           9   1.1404870285085704E-016   1.7744776000864144E-016
           2           1   3.1653169865852699E-008   3.5338292212400767E-008
           2           2  0.94239095718516885       0.94239095718543553     
           2           3  -1.6567010932247536E-006  -1.5220807927033147E-006
           2           4  -8.4667661797752580E-012  -9.9353619790804130E-012
           2           5  0.19621809455109046       0.19621809455090067     
           2           6   4.3660159747083979E-009   4.3693413524057933E-009
           2           7  -2.1136804926102673E-016  -9.5411878569910691E-016
           2           8   9.7144514654701197E-017  -7.2164496600635175E-016
           2           9 -0.27092017862022594      -0.27092017862022599     
           3           1   9.0505744716076240E-010   7.3771367088435685E-009
           3           2   1.6566865188183223E-006   1.5220666703738469E-006
           3           3  0.94238268608206988       0.94238268608229681     
           3           4  -4.7701925674698346E-012  -7.6868656710369436E-013
           3           5   1.6356301183763491E-013   3.6649681523999995E-012
           3           6  -3.1087624555225170E-011  -3.1481517991841034E-011
           3           7  0.27267503042651803       0.27267503042651758     
           3           8 -0.19381228225243094      -0.19381228225243080     
           3           9  -1.1102230246251565E-016   4.7184478546569153E-016
           4           1 -0.23655325422795223      -0.23655325422796097     
           4           2   7.9383064722686026E-009   8.8596975695726881E-009
           4           3   2.0160860960724482E-010   1.8289285598072398E-009
           4           4 -0.70710677268428657      -0.70710677268428590     
           4           5   1.4830589074376359E-008   1.4854019961817311E-008
           4           6 -0.66636519262201721      -0.66636519262201521     
           4           7  -1.6455084121495859E-015  -1.4277656074337329E-015
           4           8  -1.7723138882503443E-015  -1.5555727911506030E-015
           4           9  -6.0623764550873083E-014  -6.0782464566649244E-014
           5           1   8.1017040787877493E-009   9.0267847715283834E-009
           5           2  0.23653676526837430       0.23653676526835263     
           5           3  -4.1666180524677978E-007  -3.8287095502619265E-007
           5           4   2.3293795193260092E-011   1.5434651648964079E-011
           5           5 -0.39093669525813340      -0.39093669525818092     
           5           6  -8.7836322564077105E-009  -8.7903727596265098E-009
           5           7 -0.40965889832391572      -0.40965889832391511     
           5           8 -0.57635022948207104      -0.57635022948207015     
           5           9  0.53964697625100166       0.53964697625100366     
           6           1   4.3048009446639717E-010   2.0551310873984787E-009
           6           2  -2.3722043288856919E-005  -2.3755835156045346E-005
           6           3  0.23655324243169670       0.23655324243043280     
           6           4   3.1867292546315652E-011   2.3180404220599006E-011
           6           5 -0.57264101318886695      -0.57264101318798777     
           6           6  -1.2859976242301070E-008  -1.2869978853164311E-008
           6           7 -0.54314247754616363      -0.54314247754616318     
           6           8  0.38605545275260111       0.38605545275259984     
           6           9 -0.41482799981599955      -0.41482799981600071     
           7           1 -0.23655325385101131      -0.23655325385102055     
           7           2   7.9340104613886038E-009   8.8626149165561434E-009
           7           3   2.0876639381633141E-010   1.8300819994278131E-009
           7           4  0.70710678968880869       0.70710678968880902     
           7           5   1.4912244732884514E-008   1.4911699130744871E-008
           7           6 -0.66636517471164858      -0.66636517471164480     
           7           7   0.0000000000000000       -4.5494455501907606E-016
           7           8   0.0000000000000000        2.6226190849566306E-016
           7           9   0.0000000000000000       -1.7381400986921451E-016
           8           1   8.1017047863379878E-009   9.0267849123662439E-009
           8           2  0.23653676526837752       0.23653676526835590     
           8           3  -4.1499015944724010E-007  -3.8119930901013907E-007
           8           4   2.3289437567888477E-011   1.5432431202914726E-011
           8           5 -0.39093669525813357      -0.39093669525818109     
           8           6  -8.7836331098689678E-009  -8.7903750882207778E-009
           8           7  0.40965889832391500       0.40965889832391422     
           8           8  0.57635022948207104       0.57635022948207271     
           8           9  0.53964697625100211       0.53964697625100000     
           9           1   2.3885055491943952E-011   1.6484272447813409E-009
           9           2   2.4553753321557437E-005   2.4519961685020778E-005
           9           3  0.23655324234663022       0.23655324234800765     
           9           4  -3.4259823164397404E-011  -2.3566317742771499E-011
           9           5  0.57264101318894889       0.57264101318982763     
           9           6   1.2844368427626495E-008   1.2854175714683043E-008
           9           7 -0.54314247754616363      -0.54314247754616307     
           9           8  0.38605545275260117       0.38605545275260233     
           9           9  0.41482799981599927       0.41482799981599805     
