Run semi-empirical minimization
 &qmmm
    qm_theory='AM1', grms_tol=0.0005,
 scfconv=1.d-10, ndiis_attempts=700,   qmcharge=0,
 /
   6     C       -2.4930        0.3490       -0.0100 
   1     H       -2.1370       -0.6820       -0.0230 
   1    H1       -2.1460        0.8310       -0.9270 
   1    H2       -3.5850        0.3230       -0.0460 
   6    C1       -2.0000        1.0970        1.2270 
   1    H3       -0.9060        1.0770        1.2540 
   1    H4       -2.3340        0.5730        2.1280 
   6    C2       -2.4760        2.5490        1.2880 
   1    H5       -2.1420        3.0740        0.3870 
   1    H6       -3.5700        2.5690        1.2610 
   6    C3       -1.9830        3.2970        2.5250 
   1    H7       -0.8910        3.3230        2.5610 
   1    H8       -2.3390        4.3280        2.5380 
   1    H9       -2.3300        2.8150        3.4420 

